10 * 10

if(n%2==0) 填充为 (n)*(n-2)/2+8;
else 
    if(n%4==1)
        填充为 (n-3)*(n+1)/2+8;
    else if(n%4==3)
        中间 3*3 用      1 1 0
                        1 0 1
                        0 1 1
        填充为 (n-3)*(n+1)/2+8;


1 1 1 1 1 1 1 1 1 1
1 0 0 0 0 0 0 0 0 1
1 0 1 1 1 1 1 1 0 1
1 0 1 0 0 0 0 1 0 1
1 0 1 0 1 1 0 1 0 1
1 0 1 0 1 1 0 1 0 1
1 0 1 0 0 0 0 1 0 1
1 0 1 1 1 1 1 1 0 1
1 0 0 0 0 0 0 0 0 1
1 1 1 1 1 1 1 1 1 1


1 1 1 1 1 1 1
1 0 0 0 0 0 1
1 0 1 1 0 0 1
1 0 1 0 1 0 1
1 0 0 1 1 0 1
1 0 0 0 0 0 1
1 1 1 1 1 1 1

1 1 1 1 1
1 0 0 0 1
1 0 0 0 1
1 0 0 0 1
1 1 1 1 1